   1.0000000e-01   5.5892259e-01   7.0949920e-01   8.5148025e-01   4.9043761e-01   5.1819945e-01   5.7434682e-01
   1.5000000e-01   6.4474482e-01   8.6977409e-01   1.0597142e+00   5.0924427e-01   5.9767506e-01   6.9116599e-01
   2.0000000e-01   7.2189121e-01   1.0134609e+00   1.2290059e+00   5.5059710e-01   6.9296387e-01   8.1423964e-01
   2.5000000e-01   8.0034472e-01   1.1154446e+00   1.3652979e+00   5.8003452e-01   7.2792012e-01   9.0166803e-01
   3.0000000e-01   8.8372520e-01   1.2258022e+00   1.5063189e+00   6.2710824e-01   8.3156650e-01   9.7794785e-01
   3.5000000e-01   9.5619033e-01   1.3220680e+00   1.6424091e+00   6.6775956e-01   8.7588076e-01   1.1006341e+00
   4.0000000e-01   1.0102886e+00   1.4028154e+00   1.7389209e+00   6.9337795e-01   9.6588346e-01   1.1493660e+00
   4.5000000e-01   1.0766988e+00   1.5259352e+00   1.8369324e+00   7.2935853e-01   9.9145426e-01   1.2267956e+00
   5.0000000e-01   1.1485398e+00   1.5918191e+00   1.8847660e+00   7.8837176e-01   1.0504614e+00   1.2804745e+00
   5.5000000e-01   1.2019740e+00   1.6645167e+00   2.0117024e+00   8.0932953e-01   1.1131650e+00   1.3342508e+00
   6.0000000e-01   1.2218184e+00   1.7251858e+00   2.0827631e+00   8.2092460e-01   1.1643882e+00   1.4237478e+00
   6.5000000e-01   1.2781422e+00   1.7989566e+00   2.1819039e+00   8.4814726e-01   1.2131137e+00   1.4767432e+00
   7.0000000e-01   1.3431859e+00   1.8548511e+00   2.2273828e+00   9.0888576e-01   1.2360739e+00   1.5583472e+00
   7.5000000e-01   1.3955165e+00   1.9217763e+00   2.3049346e+00   9.4164817e-01   1.2477207e+00   1.5569952e+00
   8.0000000e-01   1.4180256e+00   1.9921644e+00   2.3560050e+00   9.5189919e-01   1.4032157e+00   1.6162303e+00
   8.5000000e-01   1.4567035e+00   2.0334815e+00   2.4310771e+00   1.0111821e+00   1.4037673e+00   1.6938942e+00
   9.0000000e-01   1.4912765e+00   2.0576546e+00   2.4810867e+00   1.0193763e+00   1.3962152e+00   1.7045114e+00
   9.5000000e-01   1.5372445e+00   2.1292255e+00   2.5355337e+00   1.0388125e+00   1.4518283e+00   1.7179385e+00
   1.0000000e+00   1.5641891e+00   2.1508162e+00   2.5676582e+00   1.0521060e+00   1.4873459e+00   1.7672441e+00
